   5005.06494    
   2502.46899    
   1668.40271    
   1251.31531    
   1001.01453    
   834.200562    
   715.044312    
   625.705017    
   556.170715    
   500.583191    
   455.077576    
   417.176086    
   385.117737    
   357.621613    
   333.788208    
   312.942474    
   294.549866    
   278.211426    
   263.579254    
   250.420471    
   238.503204    
   227.677856    
   217.794693    
   208.741364    
   200.410828    
   192.711945    
   185.590179    
   178.986221    
   172.829681    
   167.076996    
   161.702774    
   156.671509    
   151.937561    
   147.483215    
   143.286163    
   139.326416    
   135.576385    
   132.020981    
   128.651855    
   125.456345    
   122.413551    
   119.511780    
   116.748405    
   114.113708    
   111.596214    
   109.183922    
   106.879654    
   104.669281    
   102.545723    
   100.515457    
   98.5586166    
   96.6799011    
   94.8697815    
   93.1320496    
   91.4554977    
   89.8397369    
   88.2794189    
   86.7710037    
   85.3163910    
   83.9128342    
   82.5553589    
   81.2391586    
   79.9663773    
   78.7304993    
   77.5354080    
   76.3805084    
   75.2568283    
   74.1647339    
   73.1075439    
   72.0797882    
   71.0802002    
   70.1102829    
   69.1660843    
   68.2494812    
   67.3558044    
   66.4858475    
   65.6384201    
   64.8117218    
   64.0112381    
   63.2255554    
   62.4625587    
   61.7152176    
   60.9893456    
   60.2808647    
   59.5887375    
   58.9117203    
   58.2516518    
   57.6068611    
   56.9764557    
   56.3594170    
   55.7582741    
   55.1675682    
   54.5906143    
   54.0279655    
   53.4729958    
   52.9341812    
   52.4046555    
   51.8874779    
   51.3803139    
   50.8830032    
   50.3951721    
   49.9192581    
   49.4513626    
   48.9935570    
   48.5414734    
   48.1011047    
   47.6685791    
   47.2442322    
   46.8265877    
   46.4200478    
   46.0185852    
   45.6244202    
   45.2362900    
   44.8555832    
   44.4822922    
   44.1152649    
   43.7569733    
   43.4021339    
   43.0546913    
   42.7133446    
   42.3781052    
   42.0475121    
   41.7215462    
   41.4020844    
   41.0872650    
   40.7787819    
   40.4747200    
   40.1749153    
   39.8807526    
   39.5919724    
   39.3062820    
   39.0252647    
   38.7481842    
   38.4777756    
   38.2087669    
   37.9465904    
   37.6859207    
   37.4293175    
   37.1773262    
   36.9290657    
   36.6855736    
   36.4422646    
   36.2061615    
   35.9714355    
   35.7400436    
   35.5128212    
   35.2891006    
   35.0683746    
   34.8493843    
   34.6344376    
   34.4230309    
   34.2120819    
   34.0069656    
   33.8032913    
   33.6033096    
   33.4043770    
   33.2097855    
   33.0156593    
   32.8262024    
   32.6375313    
   32.4526596    
   32.2696648    
   32.0899086    
   31.9121113    
   31.7350006    
   31.5620689    
   31.3912506    
   31.2214012    
   31.0545521    
   30.8888550    
   30.7256699    
   30.5650845    
   30.4056435    
   30.2483616    
   30.0936470    
   29.9396362    
   29.7890701    
   29.6379795    
   29.4901943    
   29.3451538    
   29.2008343    
   29.0576553    
   28.9161587    
   28.7772198    
   28.6401062    
   28.5027962    
   28.3682213    
   28.2347984    
   28.1042633    
   27.9739819    
   27.8450184    
   27.7180862    
   27.5923119    
   27.4682636    
   27.3453217    
   27.2239475    
   27.1032238    
   26.9842453    
   26.8665676    
   26.7511806    
   26.6352119    
   26.5224438    
   26.4089661    
   26.2972870    
   26.1881504    
   26.0785065    
   25.9703789    
   25.8639774    
   25.7583694    
   25.6540356    
   25.5514927    
   25.4493351    
   25.3476028    
   25.2470188    
   25.1487255    
   25.0506535    
   24.9525185    
   24.8569565    
   24.7610264    
   24.6680393    
   24.5746365    
   24.4826183    
   24.3902855    
   24.3000336    
   24.2110310    
   24.1221161    
   24.0339031    
   23.9471703    
   23.8612690    
   23.7770195    
   23.6920624    
   23.6091194    
   23.5257626    
   23.4439602    
   23.3629513    
   23.2832985    
   23.2038536    
   23.1241970    
   23.0472908    
   22.9694366    
   22.8923779    
   22.8176231    
   22.7417202    
   22.6674328    
   22.5936985    
   22.5220261    
   22.4498100    
   22.3772144    
   22.3070488    
   22.2366543    
   22.1673374    
   22.0977840    
   22.0306339    
   21.9630260    
   21.8949013    
   21.8286915    
   21.7629318    
   21.6986771    
   21.6332188    
   21.5698586    
   21.5058537    
   21.4433784    
   21.3820667    
   21.3204155    
   21.2588291    
   21.1982956    
   21.1382904    
   21.0795689    
   21.0202217    
   20.9612656    
   20.9039364    
   20.8465157    
   20.7897167    
   20.7339268    
   20.6784134    
   20.6228123    
   20.5679455    
   20.5133762    
   20.4605446    
   20.4062920    
   20.3537388    
   20.3021049    
   20.2497921    
   20.1980915    
   20.1471577    
   20.0971508    
   20.0474987    
   19.9971600    
   19.9479122    
   19.8997669    
   19.8514004    
   19.8035889    
   19.7559547    
   19.7091904    
   19.6618462    
   19.6161366    
   19.5706749    
   19.5248547    
   19.4802933    
   19.4351139    
   19.3915653    
   19.3478565    
   19.3045788    
   19.2608566    
   19.2192097    
   19.1759033    
   19.1349182    
   19.0924492    
   19.0520306    
   19.0106564    
   18.9704361    
   18.9307308    
   18.8910961    
   18.8519287    
   18.8126717    
   18.7735844    
   18.7360497    
   18.6973667    
   18.6598015    
   18.6224709    
   18.5860786    
   18.5493641    
   18.5127354    
   18.4774284    
   18.4411850    
   18.4054947    
   18.3703632    
   18.3359299    
   18.3012066    
   18.2672787    
   18.2339230    
   18.2003498    
   18.1673260    
   18.1339664    
   18.1020508    
   18.0693398    
   18.0371151    
   18.0062485    
   17.9742203    
   17.9434872    
   17.9123001    
   17.8821316    
   17.8514652    
   17.8210125    
   17.7920761    
   17.7621975    
   17.7325859    
   17.7041836    
   17.6756153    
   17.6465359    
   17.6187515    
   17.5911427    
   17.5637512    
   17.5357304    
   17.5090408    
   17.4821205    
   17.4556618    
   17.4295769    
   17.4035816    
   17.3775063    
   17.3517590    
   17.3269138    
   17.3009605    
   17.2770367    
   17.2525997    
   17.2279720    
   17.2037487    
   17.1795940    
   17.1560993    
   17.1329288    
   17.1093636    
   17.0870647    
   17.0638981    
   17.0413952    
   17.0189075    
   16.9971180    
   16.9753132    
   16.9541798    
   16.9322586    
   16.9107132    
   16.8904114    
   16.8701248    
   16.8494148    
   16.8292351    
   16.8092213    
   16.7888432    
   16.7694378    
   16.7504959    
   16.7307968    
   16.7117577    
   16.6928825    
   16.6744194    
   16.6562862    
   16.6375504    
   16.6196346    
   16.6020317    
   16.5845985    
   16.5676384    
   16.5495892    
   16.5331116    
   16.5160885    
   16.4995632    
   16.4834118    
   16.4668827    
   16.4507084    
   16.4347458    
   16.4189835    
   16.4040089    
   16.3888817    
   16.3742104    
   16.3584194    
   16.3443623    
   16.3297501    
   16.3155289    
   16.3014946    
   16.2880974    
   16.2737446    
   16.2600384    
   16.2469692    
   16.2332687    
   16.2211266    
   16.2078419    
   16.1949730    
   16.1824760    
   16.1704617    
   16.1586552    
   16.1463737    
   16.1351547    
   16.1234016    
   16.1117840    
   16.1002998    
   16.0892525    
   16.0789089    
   16.0676804    
   16.0576210    
   16.0474091    
   16.0370407    
   16.0268669    
   16.0167160    
   16.0072346    
   15.9980688    
   15.9881124    
   15.9794302    
   15.9700518    
   15.9614658    
   15.9524975    
   15.9441862    
   15.9359417    
   15.9281397    
   15.9199667    
   15.9123106    
   15.9037800    
   15.8968525    
   15.8896723    
   15.8817139    
   15.8747902    
   15.8681545    
   15.8612432    
   15.8547020    
   15.8488140    
   15.8426142    
   15.8362331    
   15.8304634    
   15.8244638    
   15.8189144    
   15.8140697    
   15.8086853    
   15.8034306    
   15.7985277    
   15.7933912    
   15.7892036    
   15.7843399    
   15.7800007    
   15.7766161    
   15.7726192    
   15.7683458    
   15.7645960    
   15.7609062    
   15.7583075    
   15.7550964    
   15.7515898    
   15.7494020    
   15.7458153    
   15.7431231    
   15.7409592    
   15.7389460    
   15.7372236    
   15.7345018    
   15.7333345    
   15.7313614    
   15.7303247    
   15.7289839    
   15.7270842    
   15.7261877    
   15.7251368    
   15.7252445    
   15.7247667    
   15.7236490    
   15.7239475    
   15.7236805    
